[0.042044715437977602, 0.050759132508458732]
[0.042044715437977602, 0.050759132508458732]
[0.0148951125022, 0.0507591325085]

[0.16963390469523687, 0.16963390469523687]

[0.169633904695, 0.169633904695]
[0.169633904695, 0.169633904695]
58.3752429485

[0.16963390469523687, 0.16963390469523687]
77.641037941
[0.551759702286018, 0.551759702286018]
[0.16963390469523687, 0.16963390469523687]
77.0034019947

[0.5517597022860182, 0.5517597022860182]
[0.16963390469523687, 0.16963390469523687]
76.7459149361

[0.4659090909090909, 0.5155502392344498, 0.5, 0.5, 0.5037878787878788, 0.4909090909090909, 0.5, 0.5029904306220095, 0.5916214779372674, 0.551759702286018]
[0.042044715437977602, 0.044765347127585321, 0.0, 0.0, 0.016491294189361815, 0.050759132508458732, 0.0, 0.037357710008079623, 0.18168457356509307, 0.16963390469523687]
351.695079088

[0.47308612440191383, 0.5155502392344498, 0.5, 0.5, 0.5037878787878788, 0.4909090909090909, 0.5, 0.5029904306220095, 0.5916214779372674, 0.551759702286018]
[0.0148951125022, 0.0447653471276, 0.0, 0.0, 0.0164912941894, 0.0507591325085, 0.0, 0.0373577100081, 0.181684573565, 0.169633904695]
250.825199127
#20160424----------------------------------------------------------------------------------------------------------------------
[0.77417051197539, 0.836958910129642, 0.8085036255767962, 0.7904306745770161, 0.8288288288288288, 0.8021863326741375, 0.8225115359261701, 0.8180070314216655, 0.8261920457042408, 0.7892221489782466, 0.7798286090969019, 0.8506372225884421, 0.8032849923093827, 0.8460777851021754]
[0.233086819327, 0.267375475296, 0.251570472197, 0.246555112412, 0.263250427748, 0.252511345903, 0.260681801899, 0.260528952098, 0.26712733386, 0.251115455116, 0.251737673661, 0.275867874303, 0.26010970341, 0.274801808331]
572.588228941

[0.77417051197539, 0.7829048560755879, 0.7841133816743572, 0.7944957152274225, 0.8125686662272029, 0.798121292023731, 0.8062513733245441, 0.8094374862667545, 0.8167435728411339, 0.7788947484069436, 0.8199296857833444, 0.8695341683146561, 0.8032849923093827, 0.8460777851021754]
[0.23308681932650469, 0.24878239156110996, 0.24160209155378376, 0.24913444622258754, 0.25629185093421303, 0.25161696590865373, 0.25377040242109944, 0.25765609932442302, 0.26442215525751961, 0.24987225484534512, 0.26593755448591122, 0.28265127946396568, 0.26010970341044803, 0.27480180833141415]
819.596873999

[0.77417051197539, 0.7829048560755879, 0.7841133816743572, 0.7944957152274225, 0.8125686662272029, 0.798121292023731, 0.8062513733245441, 0.8094374862667545, 0.8167435728411339, 0.7788947484069436, 0.8199296857833444, 0.8695341683146561, 0.8032849923093827, 0.8460777851021754]
[0.23308681932650469, 0.24878239156110996, 0.24160209155378376, 0.24913444622258754, 0.25629185093421303, 0.25161696590865373, 0.25377040242109944, 0.25765609932442302, 0.26442215525751961, 0.24987225484534512, 0.26593755448591122, 0.28265127946396568, 0.26010970341044803, 0.27480180833141415]
836.459592819
[0.8212480773456384, 0.8406394199077125, 0.7995495495495496, 0.8347615908591518, 0.8505273566249176, 0.8072950999780267, 0.8275104372665348, 0.8478356405185674, 0.8420127444517688, 0.8578334431992968, 0.8451988573939794, 0.8311909470446056, 0.8483849703361899, 0.8487695012085256]
[0.26308475138284604, 0.27224740479046777, 0.25624732603088546, 0.27037603325669357, 0.27417395573284825, 0.26189417832247913, 0.26492737559362745, 0.27429776731394617, 0.27352247919897416, 0.27990186401354339, 0.27510802740113399, 0.26984057853865906, 0.27571923289137862, 0.27593328410987994]
912.212852001
[0.9327620303230059, 0.9372665348275104, 0.9205669083717863, 0.9146890793232257, 0.9210063722258844, 0.8911777631289827, 0.8821687541199736, 0.8984289167215996, 0.8762909250714128, 0.8803559657218195, 0.8758514612173148, 0.8821687541199736, 0.8821687541199736, 0.8722258844210063]
[0.30483215256022439, 0.30641570697510084, 0.30090958983592531, 0.29876323529453136, 0.30090815401805765, 0.28981047874296861, 0.28720490562494677, 0.2931815840008386, 0.28483538097277727, 0.2862518472764739, 0.2851301715347177, 0.28725220919519839, 0.28736885579677612, 0.28334061373500014]
4.41409707069
[0.9327620303230059, 0.9372665348275104, 0.9205669083717863, 0.9146890793232257, 0.9210063722258844, 0.8911777631289827, 0.8821687541199736, 0.8984289167215996, 0.8762909250714128, 0.8803559657218195, 0.8758514612173148, 0.8821687541199736, 0.8821687541199736, 0.8722258844210063, 0.8762909250714128]
[0.30483215256022439, 0.30641570697510084, 0.30090958983592531, 0.29876323529453136, 0.30090815401805765, 0.28981047874296861, 0.28720490562494677, 0.2931815840008386, 0.28483538097277727, 0.2862518472764739, 0.2851301715347177, 0.28725220919519839, 0.28736885579677612, 0.28334061373500014, 0.28489779165470508]
4.85177016258
[0.9327620303230059, 0.9372665348275104, 0.9205669083717863, 0.9146890793232257, 0.9210063722258844, 0.8911777631289827, 0.8821687541199736, 0.8984289167215996, 0.8762909250714128, 0.8803559657218195, 0.8758514612173148, 0.8821687541199736, 0.8821687541199736, 0.8722258844210063, 0.8762909250714128, 1.0]
[0.30483215256022439, 0.30641570697510084, 0.30090958983592531, 0.29876323529453136, 0.30090815401805765, 0.28981047874296861, 0.28720490562494677, 0.2931815840008386, 0.28483538097277727, 0.2862518472764739, 0.2851301715347177, 0.28725220919519839, 0.28736885579677612, 0.28334061373500014, 0.28489779165470508, 0.32713819763631041]
4.70164203644
[0.9327620303230059, 0.9372665348275104, 0.9205669083717863, 0.9146890793232257, 0.9210063722258844, 0.8911777631289827, 0.8821687541199736, 0.8984289167215996, 0.8762909250714128, 0.8803559657218195, 0.8758514612173148, 0.8821687541199736, 0.8821687541199736, 0.8722258844210063, 0.8762909250714128]
[0.30483215256022439, 0.30641570697510084, 0.30090958983592531, 0.29876323529453136, 0.30090815401805765, 0.28981047874296861, 0.28720490562494677, 0.2931815840008386, 0.28483538097277727, 0.2862518472764739, 0.2851301715347177, 0.28725220919519839, 0.28736885579677612, 0.28334061373500014, 0.28489779165470508]
4.78330898285


[0.9327620303230059, 0.9232586244781368, 0.9372665348275104, 0.9165018677213799, 0.9205669083717863, 0.9146890793232257, 0.9146890793232257, 0.9124368270709734, 0.9210063722258844, 0.9255108767303889, 0.8911777631289827, 0.8740386728191606, 0.8821687541199736, 0.8785431773236652, 0.8984289167215996, 0.8952428037793893, 0.8762909250714128, 0.8925510876730388, 0.8803559657218195, 0.8803559657218195, 0.8758514612173148, 0.9092507141287629, 0.8821687541199736, 0.8884860470226323, 0.8821687541199736, 0.8740386728191606, 0.8722258844210063, 0.8762909250714128, 0.8762909250714128]
[0.30483215256022439, 0.30149383216421216, 0.30641570697510084, 0.29946203446767788, 0.30090958983592531, 0.29876323529453136, 0.29876323529453136, 0.29804660098746721, 0.30090815401805765, 0.3022328096717577, 0.28981047874296861, 0.28427020582681217, 0.28720490562494677, 0.28554231484831899, 0.2931815840008386, 0.29124445033414903, 0.28483538097277727, 0.29078512138554297, 0.2862518472764739, 0.28634392038367973, 0.2851301715347177, 0.29655634156025951, 0.28725220919519839, 0.28946627766845828, 0.28736885579677612, 0.28425567026157422, 0.28334061373500014, 0.28496818740620977, 0.28489779165470508]
9.40129208565
[0.77417051197539, 0.7829048560755879, 0.7841133816743572, 0.7944957152274225, 0.8125686662272029, 0.798121292023731, 0.8062513733245441, 0.8094374862667545, 0.8167435728411339, 0.7788947484069436, 0.8199296857833444, 0.8695341683146561, 0.8032849923093827, 0.8460777851021754]
[0.23308681932650469, 0.24878239156110996, 0.24160209155378376, 0.24913444622258754, 0.25629185093421303, 0.25161696590865373, 0.25377040242109944, 0.25765609932442302, 0.26442215525751961, 0.24987225484534512, 0.26593755448591122, 0.28265127946396568, 0.26010970341044803, 0.27480180833141415]

[0.798560755877829, 0.7625796528235552, 0.7829048560755879, 0.8121292023731049, 0.7518677213799165, 0.7897165458141068, 0.8104812129202373, 0.7883432212700505, 0.7486816084377059, 0.7825752581850143, 0.7811470006591957, 0.7973522302790595, 0.8139969237530215, 0.7852120413096023]
[0.24755385317503453, 0.23500247282561035, 0.24872462676802856, 0.25739436155239637, 0.2357021784590336, 0.25277741077948002, 0.26068436413473711, 0.25166953745396592, 0.2379321061446289, 0.25317199585927658, 0.25403968808606164, 0.25864727170992935, 0.26277231412673324, 0.25345476626201441]
129.516853094

[0.9327620303230059, 0.9372665348275104, 0.9205669083717863, 0.9146890793232257, 0.9210063722258844, 0.8911777631289827, 0.8821687541199736, 0.8984289167215996, 0.8762909250714128, 0.8803559657218195, 0.8758514612173148, 0.8821687541199736, 0.8821687541199736, 0.8722258844210063]
[0.30483215256022439, 0.30641570697510084, 0.30090958983592531, 0.29876323529453136, 0.30090815401805765, 0.28981047874296861, 0.28720490562494677, 0.2931815840008386, 0.28483538097277727, 0.2862518472764739, 0.2851301715347177, 0.28725220919519839, 0.28736885579677612, 0.28334061373500014]
5.01938796043

[0.8623379477038013, 0.8722258844210063, 0.8862337947703801, 0.9043067457701603, 0.9119973632168753, 0.9029334212261041, 0.900681168973852, 0.8762909250714129, 0.8758514612173149, 0.8758514612173149, 0.8762909250714128, 0.8713469567128104, 0.8776642496154691, 0.8889804438584926]
[0.28128034886894548, 0.28366196959290829, 0.28874877311967578, 0.29499303098437396, 0.29796109943415167, 0.2943565945981228, 0.2934936050759358, 0.28509266326109239, 0.28517027692756181, 0.28523316950053995, 0.28474382900339795, 0.28373077503314476, 0.28600390808355103, 0.29010926278043803]
11.030411005

#Adaboost bagging[10~100|10] Topk=7
[0.924192485168095, 0.9286969896725994, 0.915622940013184, 0.9286969896725994, 0.9219402329158427, 0.9264447374203472, 0.9223796967699407, 0.9196879806635904, 0.9241924851680948]
[0.30218123783575807, 0.30364418702738888, 0.29942420278170107, 0.30364376813571653, 0.30151177305309623, 0.30293211698656969, 0.30153108387940558, 0.30078213700826489, 0.30222384309391542]
7
122.562011003
#Adaboost bagging[10~100|10] Topk=33
[0.891672159964843, 0.9128762909250714, 0.9151285431773237, 0.9146890793232257, 0.9106240386728192, 0.9169413315754779, 0.9128762909250714, 0.9151285431773237, 0.9128762909250714]
[0.29099770997193897, 0.29789297601951681, 0.29859660874851585, 0.29870871514553293, 0.29710505742903626, 0.29932132791441773, 0.29782668588466915, 0.29846740694766499, 0.29782169173610035]
33
143.835865974

#DT bagging[10~100|10] Topk=7
[0.892166556800703, 0.9160624038672819, 0.9133706877609317, 0.8939793451988574, 0.9106789716545814, 0.907053394858273, 0.915622940013184, 0.9002966381015162, 0.907053394858273]
[0.29167436043165601, 0.2994827802783509, 0.2986879741658624, 0.29236847713894748, 0.29787293194486036, 0.29659514582131424, 0.29939553510036904, 0.29445608341903556, 0.29662381350264622]