LR_BN_210:		75.374	,80.075	,79.317	,77.019	,76.283	,79.019	,80.811	,
KNN_BN_60:		83.835	,84.948	,83.540	,80.071	,79.687	,78.567	,79.018	,
DT_BN_160:		89.202	,90.790	,91.250	,90.855	,90.471	,89.628	,89.582	,
LR_BN_160:		75.585	,79.867	,79.168	,76.964	,76.273	,79.186	,80.771	,
KNN_BN_160:		84.323	,85.170	,83.445	,80.256	,79.890	,78.833	,79.180	,
SVM_BN_110:		84.007	,90.034	,91.792	,92.221	,92.831	,93.022	,92.590	,
IGBB_BN_110:		89.848	,90.476	,92.752	,92.549	,91.126	,90.810	,91.189	,
LR_BN_10:		75.799	,79.510	,78.811	,77.190	,76.878	,78.821	,80.446	,
IGBB_BN_210:		89.776	,90.471	,92.431	,92.594	,91.072	,90.964	,91.144	,
LR_BN_110:		75.703	,79.953	,79.168	,76.793	,76.472	,78.983	,80.689	,
SVM_BN_10:		83.574	,89.794	,91.747	,92.595	,92.601	,93.184	,92.477	,
IGBB_BN_10:		89.193	,90.034	,91.438	,91.379	,90.322	,90.299	,90.299	,
SVM_BN_210:		84.116	,89.320	,91.814	,92.243	,92.831	,93.022	,92.613	,
IGBB_BN_160:		89.763	,90.354	,92.571	,92.639	,91.004	,91.094	,91.171	,
SVM_BN_160:		84.116	,89.546	,91.814	,92.352	,92.809	,92.995	,92.680	,
KNN_BN_110:		84.075	,85.377	,83.644	,80.093	,79.849	,78.711	,79.180	,
KNN_BN_210:		84.062	,85.129	,83.422	,80.116	,79.849	,78.752	,79.180	,
DT_BN_110:		89.138	,90.578	,91.449	,90.841	,90.516	,89.713	,89.384	,
DT_BN_60:		89.377	,90.925	,91.453	,90.814	,90.335	,89.636	,89.171	,
DT_BN_210:		89.283	,90.880	,91.295	,91.089	,90.661	,89.681	,89.758	,
LR_BN_60:		75.774	,79.849	,79.005	,77.086	,76.495	,78.825	,80.811	,
SVM_BN_60:		83.601	,89.767	,91.855	,92.456	,92.786	,92.905	,92.454	,
IGBB_BN_60:		89.912	,90.656	,92.653	,92.102	,90.887	,90.648	,91.139	,
DT_BN_10:		88.271	,90.541	,89.327	,90.045	,89.360	,88.881	,88.692	,
KNN_BN_10:		83.992	,83.955	,83.002	,79.917	,79.746	,78.269	,78.589	,
