LR_BN_10_TF_5:		74.363	,75.989	,78.334	,73.868	,73.868	,75.720	,78.016	,77.521	,74.593	,75.720	,[2.532863405875786]
LR_BN_110_TF_5:		75.269	,75.857	,75.945	,77.071	,75.450	,75.676	,75.450	,74.550	,75.857	,75.901	,[0.3663372643186781]
KNN_BN_60_TF_5:		84.657	,84.069	,84.657	,83.438	,83.031	,83.575	,84.476	,83.212	,84.882	,82.356	,[0.6362871223716611]
IGBB_BN_210_TF_35:		91.062	,91.288	,91.288	,90.837	,91.288	,91.018	,91.062	,91.062	,91.062	,91.469	,[0.030398422603832964]
LR_BN_60_TF_5:		75.676	,77.340	,77.477	,74.819	,75.044	,75.088	,75.857	,74.863	,75.676	,75.901	,[0.8143772299398788]
DT_BN_10_TF_20:		89.711	,90.118	,91.518	,89.348	,89.079	,90.524	,90.705	,90.568	,90.749	,88.129	,[0.8811414433872148]
DT_BN_10_TF_25:		89.035	,90.299	,89.079	,88.629	,88.991	,90.118	,89.486	,89.579	,89.035	,89.348	,[0.24792536559583295]
SVM_BN_110_TF_10:		88.810	,90.480	,89.848	,89.261	,90.255	,89.035	,90.074	,89.623	,91.474	,91.474	,[0.7695327971024556]
IGBB_BN_110_TF_30:		90.793	,90.837	,91.018	,91.288	,91.018	,90.431	,90.612	,90.837	,90.837	,90.431	,[0.06445331049009681]
LR_BN_160_TF_30:		79.818	,79.186	,78.779	,79.186	,79.186	,79.186	,79.186	,78.961	,78.961	,79.411	,[0.0716506657307661]
LR_BN_110_TF_25:		75.939	,76.346	,76.571	,76.752	,76.752	,75.939	,76.978	,76.346	,76.346	,76.752	,[0.11164033142584984]
KNN_BN_210_TF_30:		78.955	,78.549	,78.955	,78.955	,78.549	,78.549	,78.549	,78.955	,78.955	,78.549	,[0.041311388723640395]
LR_BN_160_TF_35:		81.037	,81.037	,80.631	,80.631	,80.631	,80.631	,81.037	,80.631	,80.405	,81.037	,[0.05154870692999547]
IGBB_BN_110_TF_35:		91.062	,91.288	,91.694	,91.062	,91.469	,91.062	,91.062	,91.062	,90.837	,91.288	,[0.05568738988357169]
KNN_BN_210_TF_35:		79.180	,79.180	,79.180	,79.180	,79.180	,79.180	,79.180	,79.180	,79.180	,79.180	,[2.0194839173657902e-28]
KNN_BN_60_TF_10:		84.921	,84.289	,85.371	,84.921	,85.509	,85.102	,84.289	,84.696	,85.102	,85.283	,[0.15869125713651883]
DT_BN_160_TF_35:		88.629	,89.848	,89.848	,89.667	,90.030	,89.623	,89.217	,89.442	,89.667	,89.848	,[0.14910272991450754]
DT_BN_160_TF_30:		90.030	,89.848	,90.030	,89.848	,90.211	,89.398	,89.217	,90.030	,89.035	,88.629	,[0.24925523623209928]
DT_BN_110_TF_5:		88.497	,89.354	,89.491	,88.678	,89.491	,89.760	,88.678	,88.947	,90.211	,88.272	,[0.3455071507992075]
DT_BN_10_TF_15:		87.904	,89.755	,89.305	,89.167	,91.062	,88.222	,89.574	,89.892	,89.711	,88.673	,[0.7422591329371409]
DT_BN_10_TF_10:		92.463	,90.975	,90.343	,88.266	,91.018	,91.337	,90.524	,89.574	,90.568	,90.343	,[1.0933875295299478]
IGBB_BN_60_TF_15:		92.057	,92.238	,93.501	,92.644	,92.688	,93.095	,92.644	,91.875	,92.282	,93.501	,[0.2906538345345614]
IGBB_BN_110_TF_5:		90.074	,89.442	,89.623	,90.705	,89.623	,90.524	,89.623	,89.442	,90.436	,88.991	,[0.28041651632822073]
IGBB_BN_60_TF_10:		90.024	,90.431	,92.145	,90.431	,91.062	,89.980	,90.700	,90.249	,90.656	,90.881	,[0.3556400589215699]
DT_BN_210_TF_30:		89.442	,89.442	,89.848	,89.035	,89.848	,90.255	,90.255	,90.436	,89.623	,88.629	,[0.2926512054765799]
DT_BN_210_TF_35:		89.848	,89.848	,89.667	,89.623	,90.255	,90.480	,89.848	,88.991	,89.623	,89.398	,[0.15547566796019283]
LR_BN_160_TF_25:		76.571	,75.939	,76.346	,76.165	,76.165	,75.939	,77.384	,75.939	,75.939	,76.346	,[0.18027819288330038]
LR_BN_160_TF_20:		77.565	,76.752	,77.384	,76.752	,76.571	,77.159	,76.978	,76.346	,77.384	,76.752	,[0.1423610371791138]
SVM_BN_60_TF_10:		89.035	,88.810	,91.700	,91.474	,91.249	,89.035	,88.810	,89.261	,89.035	,89.261	,[1.2796922362496244]
LR_BN_110_TF_35:		80.631	,81.037	,81.037	,80.631	,80.405	,80.631	,80.631	,80.631	,80.631	,80.631	,[0.034666863754280984]
SVM_BN_110_TF_5:		83.932	,84.201	,84.426	,83.570	,83.570	,83.976	,84.426	,83.570	,84.201	,84.201	,[0.10458540843848418]
LR_BN_110_TF_30:		78.373	,79.186	,79.005	,78.554	,79.186	,79.186	,78.779	,79.186	,79.367	,79.005	,[0.09107818367107386]
SVM_BN_60_TF_15:		91.837	,91.837	,91.837	,91.837	,91.837	,92.243	,91.612	,91.837	,91.837	,91.837	,[0.021268575519583954]
KNN_BN_210_TF_10:		85.734	,85.734	,84.696	,85.283	,84.877	,84.921	,84.921	,84.696	,85.102	,85.327	,[0.1321448424001612]
KNN_BN_210_TF_15:		83.427	,83.427	,82.795	,83.833	,83.833	,83.833	,83.201	,83.020	,83.020	,83.833	,[0.14410884991459288]
DT_BN_160_TF_25:		89.848	,90.480	,90.299	,90.480	,90.480	,90.524	,91.293	,90.299	,90.524	,90.480	,[0.11287786250807078]
LR_BN_160_TF_5:		75.450	,76.082	,76.214	,75.901	,75.044	,75.450	,75.000	,75.494	,75.450	,75.764	,[0.1472016214487719]
DT_BN_60_TF_5:		88.047	,89.129	,90.123	,89.986	,89.804	,88.722	,89.085	,89.310	,89.986	,89.579	,[0.38714293501502256]
KNN_BN_160_TF_10:		84.696	,84.514	,85.734	,84.289	,85.102	,85.058	,84.696	,86.140	,85.734	,85.734	,[0.35684137841396646]
SVM_BN_160_TF_30:		93.419	,93.013	,93.013	,92.787	,92.969	,92.787	,93.194	,93.194	,92.787	,92.787	,[0.043271642786088096]
KNN_BN_110_TF_35:		79.180	,79.180	,79.180	,79.180	,79.180	,79.180	,79.180	,79.587	,78.774	,79.180	,[0.03304911097891579]
KNN_BN_110_TF_30:		78.142	,78.142	,78.955	,78.955	,78.549	,78.955	,78.955	,78.955	,78.955	,78.549	,[0.10575715513252266]
KNN_BN_110_TF_5:		84.432	,83.619	,84.476	,84.251	,83.619	,84.251	,82.987	,84.432	,84.251	,84.432	,[0.2234798265957325]
DT_BN_210_TF_25:		89.848	,90.887	,89.848	,90.436	,89.848	,91.112	,90.661	,91.562	,91.293	,91.112	,[0.37009119913037625]
DT_BN_210_TF_20:		90.661	,90.749	,91.112	,90.661	,91.068	,91.337	,91.744	,91.112	,91.112	,91.337	,[0.10346526325994684]
IGBB_BN_60_TF_20:		92.282	,92.057	,92.057	,92.013	,91.650	,91.425	,92.282	,93.095	,92.914	,91.244	,[0.31207027404593224]
IGBB_BN_60_TF_25:		90.881	,89.755	,90.656	,90.837	,90.656	,91.919	,91.244	,90.837	,90.837	,91.244	,[0.2715929589412234]
SVM_BN_60_TF_25:		92.606	,92.831	,92.831	,92.831	,92.831	,92.606	,92.831	,92.831	,92.831	,92.831	,[0.008116224332440929]
IGBB_BN_210_TF_30:		90.837	,90.431	,90.837	,91.244	,90.837	,90.837	,91.244	,91.062	,91.244	,91.062	,[0.06028022652618764]
SVM_BN_60_TF_20:		92.875	,92.650	,92.469	,92.650	,92.469	,92.469	,92.018	,92.243	,92.243	,92.469	,[0.05335898465792267]
KNN_BN_60_TF_30:		78.142	,78.142	,78.549	,78.142	,78.549	,78.730	,78.549	,78.955	,78.955	,78.955	,[0.10210491453557544]
KNN_BN_10_TF_25:		79.768	,79.768	,79.949	,78.955	,79.543	,79.993	,79.768	,80.175	,79.768	,79.768	,[0.09554699561854142]
IGBB_BN_160_TF_10:		90.024	,90.249	,89.980	,89.799	,91.062	,91.288	,90.431	,90.656	,90.249	,89.799	,[0.23570727342613704]
KNN_BN_60_TF_35:		79.180	,79.180	,79.180	,79.180	,78.367	,78.774	,78.774	,78.774	,79.587	,79.180	,[0.1057571551325289]
KNN_BN_10_TF_20:		80.988	,79.949	,79.180	,79.768	,79.993	,79.587	,79.768	,79.993	,80.175	,79.768	,[0.19435031845195913]
DT_BN_160_TF_10:		91.156	,90.749	,91.156	,90.568	,90.975	,91.606	,90.343	,90.524	,90.524	,90.299	,[0.16015299831239824]
SVM_BN_10_TF_30:		93.419	,93.419	,93.194	,93.194	,93.419	,92.562	,93.419	,93.194	,93.238	,92.787	,[0.0768292248387724]
DT_BN_160_TF_15:		91.156	,91.381	,92.013	,91.788	,90.749	,91.381	,91.156	,90.749	,90.749	,91.381	,[0.16920951692724973]
SVM_BN_10_TF_35:		92.112	,92.293	,92.518	,92.743	,92.337	,92.743	,92.787	,92.337	,92.337	,92.562	,[0.04734212724549525]
IGBB_BN_10_TF_35:		90.293	,91.288	,91.150	,88.354	,90.656	,90.656	,90.475	,88.535	,91.150	,90.431	,[0.9621962589951331]
KNN_BN_160_TF_20:		79.949	,80.175	,80.400	,80.400	,80.175	,80.356	,80.175	,80.581	,80.581	,79.768	,[0.06146796667239803]
IGBB_BN_10_TF_30:		90.656	,90.068	,90.519	,89.706	,89.436	,89.348	,90.475	,90.837	,91.062	,90.881	,[0.3470760179283104]
KNN_BN_160_TF_25:		80.175	,79.768	,79.768	,79.768	,79.768	,79.768	,80.175	,79.768	,80.175	,79.768	,[0.034701566527857934]
DT_BN_160_TF_5:		89.310	,88.860	,90.211	,89.041	,88.904	,89.942	,88.678	,89.266	,89.129	,88.678	,[0.23671546443947342]
IGBB_BN_210_TF_10:		90.656	,90.205	,89.799	,90.656	,90.024	,91.062	,90.700	,90.881	,90.475	,90.249	,[0.14096598568116778]
KNN_BN_110_TF_25:		79.768	,80.175	,79.768	,79.768	,79.768	,80.175	,79.768	,79.768	,79.768	,79.768	,[0.02643928878312986]
SVM_BN_160_TF_20:		92.469	,92.469	,92.243	,92.469	,92.243	,92.650	,92.243	,92.243	,92.243	,92.243	,[0.02003134620061417]
IGBB_BN_210_TF_15:		92.057	,92.057	,92.507	,91.694	,92.507	,93.320	,92.914	,92.463	,92.282	,92.507	,[0.18873752202932087]
SVM_BN_210_TF_15:		91.837	,91.837	,91.837	,91.612	,91.837	,91.837	,91.837	,91.837	,91.837	,91.837	,[0.004565376186997443]
SVM_BN_160_TF_25:		92.831	,92.831	,92.831	,92.831	,92.831	,92.831	,92.831	,92.831	,92.831	,92.606	,[0.0045653761869980216]
KNN_BN_110_TF_20:		80.400	,79.768	,80.400	,79.768	,80.581	,80.175	,79.949	,79.768	,80.175	,79.949	,[0.07977896059314737]
SVM_BN_160_TF_5:		84.833	,84.201	,83.388	,83.751	,84.201	,83.795	,84.426	,84.426	,83.976	,84.157	,[0.15088886658254855]
IGBB_BN_60_TF_35:		90.793	,91.288	,91.062	,91.062	,91.469	,90.612	,90.837	,91.062	,91.919	,91.288	,[0.12680091703195534]
IGBB_BN_60_TF_30:		91.062	,91.062	,89.980	,90.837	,91.244	,90.205	,90.431	,90.612	,90.205	,90.837	,[0.16560314434408135]
DT_BN_60_TF_10:		91.200	,91.200	,91.200	,90.705	,91.200	,89.892	,90.524	,90.299	,91.425	,91.606	,[0.2683459863870524]
SVM_BN_60_TF_30:		92.562	,93.194	,92.562	,92.787	,92.787	,93.419	,92.562	,93.194	,92.969	,93.013	,[0.08271451347483677]
LR_BN_110_TF_15:		79.235	,78.785	,79.235	,79.235	,79.235	,79.235	,79.235	,79.235	,78.604	,79.642	,[0.07215792975154386]
DT_BN_60_TF_15:		89.711	,91.831	,91.831	,91.788	,92.419	,90.931	,91.425	,91.381	,92.419	,90.793	,[0.6014229054528389]
LR_BN_110_TF_10:		80.274	,80.274	,79.867	,79.461	,79.867	,80.092	,79.867	,80.274	,80.092	,79.461	,[0.08542434744663303]
SVM_BN_60_TF_35:		92.743	,92.337	,92.112	,92.337	,92.969	,92.337	,92.743	,92.518	,92.112	,92.337	,[0.07256923305928689]
KNN_BN_10_TF_35:		77.961	,77.961	,77.554	,77.961	,77.736	,79.587	,79.180	,79.993	,77.961	,79.993	,[0.8667005631288482]
KNN_BN_10_TF_30:		78.955	,77.736	,78.142	,76.923	,77.736	,79.993	,78.774	,75.703	,80.175	,78.549	,[1.6390451901811045]
IGBB_BN_160_TF_5:		90.030	,89.804	,89.848	,89.623	,90.074	,89.804	,89.398	,89.804	,89.848	,89.398	,[0.04734212724549773]
DT_BN_10_TF_5:		88.991	,86.871	,88.091	,90.299	,88.047	,86.602	,90.167	,86.195	,88.228	,89.217	,[1.8259380334721478]
LR_BN_60_TF_20:		76.571	,76.934	,77.159	,77.791	,77.159	,77.384	,77.159	,76.978	,76.978	,76.752	,[0.10244138055768762]
LR_BN_60_TF_25:		75.939	,76.978	,76.346	,76.346	,76.978	,76.165	,77.159	,75.939	,76.752	,76.346	,[0.17661267470341552]
SVM_BN_10_TF_20:		93.326	,92.694	,92.694	,92.469	,92.650	,92.243	,92.694	,92.469	,92.243	,92.469	,[0.0861232311302257]
SVM_BN_10_TF_25:		92.425	,92.831	,93.238	,92.831	,92.018	,92.831	,92.606	,92.018	,92.381	,92.831	,[0.13763089825842148]
KNN_BN_160_TF_35:		79.180	,79.180	,79.180	,79.180	,79.180	,79.180	,79.180	,79.180	,79.180	,79.180	,[2.0194839173657902e-28]
SVM_BN_210_TF_10:		89.035	,89.035	,89.035	,89.035	,91.068	,89.035	,89.035	,89.442	,89.035	,89.442	,[0.365192676317001]
IGBB_BN_10_TF_25:		90.475	,90.249	,90.249	,89.167	,91.062	,90.024	,90.024	,91.018	,89.486	,91.469	,[0.45925982496476364]
KNN_BN_160_TF_30:		78.549	,78.955	,78.549	,78.549	,78.549	,78.955	,78.955	,79.362	,78.955	,78.955	,[0.06775067750677326]
IGBB_BN_10_TF_20:		89.980	,90.925	,90.656	,92.238	,91.875	,91.606	,92.507	,91.919	,90.881	,91.200	,[0.5566095542300163]
LR_BN_110_TF_20:		77.159	,76.752	,77.159	,76.527	,76.978	,76.752	,76.346	,76.934	,76.978	,76.346	,[0.08294988880869066]
LR_BN_10_TF_10:		79.867	,78.785	,79.686	,79.279	,80.318	,79.054	,80.092	,78.648	,79.505	,79.867	,[0.2807786322264544]
SVM_BN_160_TF_15:		91.837	,91.837	,91.837	,91.837	,91.837	,91.837	,91.612	,91.837	,91.837	,91.837	,[0.004565376186997444]
IGBB_BN_160_TF_20:		92.870	,93.095	,93.095	,92.507	,93.095	,92.688	,92.057	,92.238	,92.282	,92.463	,[0.13549773385456743]
SVM_BN_160_TF_10:		89.035	,91.068	,89.035	,89.035	,89.442	,89.442	,89.035	,89.035	,90.661	,89.667	,[0.4900300198907804]
LR_BN_10_TF_15:		78.422	,79.461	,78.241	,79.461	,78.829	,78.197	,79.417	,79.235	,78.197	,78.648	,[0.26473719969788806]
DT_BN_60_TF_25:		89.442	,90.661	,89.892	,89.892	,90.299	,89.442	,90.568	,90.705	,92.375	,90.074	,[0.6517675770212097]
DT_BN_60_TF_20:		90.705	,90.480	,90.749	,91.744	,91.156	,90.931	,89.711	,91.518	,90.436	,90.705	,[0.2989149052262975]
KNN_BN_160_TF_5:		84.251	,84.476	,84.025	,84.701	,84.476	,84.476	,84.520	,84.251	,84.025	,84.025	,[0.052793178566928764]
IGBB_BN_160_TF_25:		91.469	,90.837	,90.837	,90.837	,91.062	,90.837	,91.018	,91.694	,90.837	,90.612	,[0.09888902359600446]
KNN_BN_160_TF_15:		83.020	,83.020	,83.427	,83.427	,84.240	,82.795	,84.240	,83.020	,83.427	,83.833	,[0.23787423531381985]
KNN_BN_210_TF_5:		84.025	,83.800	,83.800	,84.251	,84.432	,84.657	,83.575	,83.575	,84.476	,84.025	,[0.13120786751347835]
LR_BN_60_TF_30:		78.779	,78.554	,79.142	,79.367	,78.779	,79.005	,79.142	,78.961	,78.554	,77.966	,[0.14336198587448717]
LR_BN_60_TF_35:		81.037	,81.037	,80.812	,81.037	,81.444	,80.631	,80.631	,80.631	,80.224	,80.631	,[0.1028194899080955]
SVM_BN_10_TF_10:		91.068	,91.249	,88.810	,89.486	,89.261	,91.700	,89.442	,89.035	,88.404	,89.486	,[1.144675211249961]
DT_BN_160_TF_20:		90.255	,91.112	,90.661	,90.887	,90.074	,91.518	,91.337	,91.112	,90.074	,91.518	,[0.2864143626559795]
SVM_BN_110_TF_30:		92.787	,93.419	,93.013	,93.013	,92.787	,93.013	,92.969	,93.419	,92.787	,93.013	,[0.04837295050247299]
IGBB_BN_10_TF_10:		90.656	,90.343	,89.843	,90.387	,90.656	,88.673	,90.568	,89.799	,90.431	,88.986	,[0.44788184167896894]
SVM_BN_210_TF_35:		92.337	,92.743	,92.743	,92.743	,92.518	,92.518	,92.518	,92.743	,92.518	,92.743	,[0.019722038870870942]
KNN_BN_60_TF_15:		84.646	,83.020	,83.020	,82.795	,83.201	,83.833	,83.608	,83.427	,83.201	,84.646	,[0.38754971187403586]
SVM_BN_210_TF_30:		93.013	,92.787	,93.419	,92.787	,93.013	,93.013	,93.194	,92.787	,92.787	,93.419	,[0.05653866400767227]
IGBB_BN_10_TF_15:		92.551	,91.831	,92.688	,90.881	,90.975	,89.530	,91.018	,90.881	,91.694	,92.326	,[0.8463617201779847]
KNN_BN_110_TF_10:		85.509	,84.696	,86.140	,86.140	,84.696	,84.289	,85.734	,85.102	,85.734	,85.734	,[0.37523928015029373]
LR_BN_60_TF_10:		79.867	,79.686	,79.867	,80.274	,79.461	,79.461	,80.680	,79.461	,79.867	,79.867	,[0.13515402551449524]
LR_BN_210_TF_5:		74.819	,75.225	,74.775	,75.450	,75.225	,76.082	,75.269	,76.082	,75.407	,75.407	,[0.17336570214924474]
KNN_BN_110_TF_15:		83.833	,83.608	,83.833	,83.427	,83.833	,83.427	,84.240	,83.201	,82.795	,84.240	,[0.18295453113450522]
SVM_BN_110_TF_35:		92.743	,92.337	,92.518	,92.743	,92.518	,92.518	,92.743	,92.743	,92.293	,92.743	,[0.028543483915123447]
IGBB_BN_160_TF_15:		91.831	,93.095	,92.732	,92.463	,93.320	,92.282	,92.101	,92.463	,92.688	,92.732	,[0.17765526672708654]
DT_BN_60_TF_30:		89.261	,89.936	,90.843	,88.629	,90.030	,89.261	,89.217	,89.848	,89.623	,89.711	,[0.3224101917567864]
DT_BN_60_TF_35:		88.991	,89.261	,90.705	,88.178	,88.991	,89.035	,89.261	,89.217	,88.222	,89.848	,[0.47991853695907183]
DT_BN_110_TF_15:		91.788	,91.381	,92.013	,91.156	,90.975	,90.975	,91.788	,91.650	,91.156	,91.606	,[0.12390429160932145]
KNN_BN_10_TF_15:		81.619	,83.833	,83.427	,83.020	,83.020	,83.652	,83.608	,83.020	,82.614	,82.207	,[0.4355955510151032]
DT_BN_110_TF_10:		90.749	,91.200	,90.074	,90.931	,90.793	,90.343	,89.486	,90.975	,90.299	,90.931	,[0.24485552806854347]
LR_BN_60_TF_15:		79.417	,78.829	,78.829	,78.829	,78.422	,79.642	,78.785	,78.829	,79.235	,79.235	,[0.11931990433766973]
KNN_BN_10_TF_10:		84.377	,83.070	,82.119	,83.839	,83.657	,85.327	,84.514	,84.289	,84.921	,83.432	,[0.7948109009052475]
LR_BN_210_TF_30:		78.961	,79.186	,79.636	,77.922	,79.186	,78.961	,78.961	,79.636	,79.411	,78.329	,[0.2660537927512231]
LR_BN_210_TF_35:		80.631	,80.631	,81.037	,81.037	,80.631	,80.631	,81.037	,81.037	,80.812	,80.631	,[0.0367212679502661]
SVM_BN_10_TF_15:		92.062	,91.793	,91.612	,91.837	,91.205	,92.062	,91.837	,91.612	,91.837	,91.612	,[0.05734829480347636]
KNN_BN_10_TF_5:		86.053	,82.806	,83.212	,82.218	,84.926	,84.069	,81.543	,84.520	,85.558	,85.014	,[2.006191180005834]
LR_BN_10_TF_35:		80.043	,80.224	,80.405	,80.405	,79.592	,80.405	,81.444	,80.449	,81.037	,80.449	,[0.22900843107203522]
LR_BN_10_TF_30:		78.510	,80.224	,78.554	,78.104	,77.878	,79.592	,78.598	,79.411	,78.735	,78.598	,[0.45893512770934475]
IGBB_BN_160_TF_30:		91.469	,91.062	,90.837	,90.656	,91.244	,91.062	,91.244	,90.837	,91.062	,91.469	,[0.06527621886883576]
SVM_BN_210_TF_5:		84.201	,84.426	,83.976	,84.201	,83.570	,84.201	,84.201	,84.201	,84.201	,83.976	,[0.047782399825100776]
IGBB_BN_60_TF_5:		90.030	,89.623	,89.892	,89.848	,89.848	,90.030	,89.398	,89.623	,90.524	,90.299	,[0.09915487701795447]
SVM_BN_60_TF_5:		83.344	,83.570	,82.938	,83.526	,83.388	,84.201	,82.713	,83.976	,85.014	,83.344	,[0.3911141393656624]
IGBB_BN_160_TF_35:		90.837	,91.288	,91.469	,91.513	,91.062	,91.062	,91.288	,91.062	,91.288	,90.837	,[0.05046718744726673]
SVM_BN_160_TF_35:		92.743	,92.743	,92.743	,92.743	,92.743	,92.743	,92.337	,92.743	,92.518	,92.743	,[0.017606376735433124]
DT_BN_110_TF_20:		90.661	,90.661	,90.480	,91.337	,91.381	,91.518	,90.705	,90.299	,90.661	,90.705	,[0.15542648055067954]
IGBB_BN_110_TF_10:		90.656	,90.205	,90.205	,90.431	,91.288	,91.513	,89.574	,90.387	,90.475	,90.024	,[0.2940851844335909]
KNN_BN_60_TF_25:		79.768	,79.362	,79.768	,79.768	,80.175	,79.768	,79.362	,79.768	,79.362	,79.768	,[0.059488399762047714]
DT_BN_110_TF_25:		90.749	,90.887	,90.299	,89.848	,90.705	,90.074	,90.480	,90.705	,90.074	,91.337	,[0.18232082831259705]
SVM_BN_110_TF_15:		91.837	,91.837	,91.612	,91.837	,91.837	,91.837	,91.837	,91.612	,91.837	,91.837	,[0.008116224332439902]
IGBB_BN_110_TF_15:		93.095	,92.507	,92.282	,92.870	,93.095	,93.320	,92.914	,92.463	,92.282	,92.688	,[0.11873327658253015]
LR_BN_210_TF_20:		77.159	,76.527	,77.159	,77.159	,76.752	,76.978	,77.159	,77.565	,76.752	,76.978	,[0.0764321044037087]
LR_BN_160_TF_15:		79.642	,79.010	,79.235	,79.235	,79.235	,78.604	,79.642	,79.235	,79.010	,78.829	,[0.0950617603149084]
IGBB_BN_210_TF_5:		89.848	,89.398	,89.848	,89.623	,89.848	,89.398	,90.299	,89.848	,89.398	,90.255	,[0.09758087991362985]
LR_BN_210_TF_25:		75.939	,75.939	,76.978	,76.571	,75.939	,76.346	,76.527	,76.527	,75.714	,76.346	,[0.13704427050328075]
LR_BN_160_TF_10:		79.867	,79.461	,80.274	,79.867	,79.867	,79.461	,79.461	,80.274	,79.867	,80.274	,[0.09914733293674735]
KNN_BN_60_TF_20:		80.175	,79.768	,80.175	,80.581	,79.136	,80.175	,79.768	,80.175	,80.175	,80.581	,[0.16311178696422296]
LR_BN_10_TF_20:		77.791	,76.346	,76.752	,77.791	,77.791	,78.197	,77.159	,76.978	,75.714	,77.384	,[0.5262452308732722]
LR_BN_10_TF_25:		77.159	,76.796	,76.752	,76.571	,77.384	,76.165	,77.791	,77.022	,76.978	,76.165	,[0.23329588330713552]
IGBB_BN_210_TF_20:		93.095	,92.870	,92.282	,92.057	,92.463	,93.095	,92.463	,92.463	,92.057	,93.095	,[0.1554913596491168]
SVM_BN_210_TF_20:		92.243	,92.243	,92.243	,92.243	,92.243	,92.243	,92.243	,92.243	,92.243	,92.243	,[2.0194839173657902e-28]
DT_BN_10_TF_30:		88.404	,89.305	,89.079	,87.003	,89.667	,89.035	,88.222	,89.667	,89.079	,89.348	,[0.5925450306811129]
SVM_BN_210_TF_25:		92.831	,92.831	,92.831	,92.831	,92.831	,92.831	,92.831	,92.831	,92.831	,92.831	,[0.0]
IGBB_BN_210_TF_25:		91.469	,90.837	,90.837	,90.837	,91.062	,91.694	,90.837	,91.469	,90.612	,91.062	,[0.11345121268027636]
DT_BN_10_TF_35:		89.623	,88.629	,88.585	,87.228	,88.085	,90.299	,88.854	,86.690	,89.486	,89.442	,[1.120369992160428]
DT_BN_210_TF_15:		91.562	,91.200	,91.831	,91.156	,91.381	,91.156	,91.200	,91.156	,90.524	,91.788	,[0.12798503601918354]
DT_BN_110_TF_35:		89.623	,89.442	,88.810	,88.854	,88.991	,90.030	,89.217	,89.623	,89.442	,89.804	,[0.15069573810348785]
IGBB_BN_10_TF_5:		90.343	,89.530	,89.129	,89.442	,90.299	,89.936	,87.816	,85.833	,89.667	,89.936	,[1.724160833824482]
DT_BN_110_TF_30:		89.667	,90.436	,90.074	,89.442	,90.480	,89.442	,89.442	,89.261	,90.074	,88.810	,[0.26139366290418636]
DT_BN_210_TF_10:		90.749	,90.749	,91.156	,90.343	,91.200	,91.156	,90.931	,90.975	,91.606	,89.936	,[0.20066531795393922]
LR_BN_210_TF_15:		79.235	,79.642	,79.642	,79.235	,79.235	,79.235	,79.235	,79.235	,79.235	,79.235	,[0.026439288783131704]
IGBB_BN_110_TF_25:		91.244	,90.837	,91.694	,90.387	,91.469	,90.837	,91.469	,91.062	,91.244	,91.018	,[0.13146134864224035]
SVM_BN_110_TF_25:		92.831	,92.831	,92.831	,92.831	,92.831	,92.831	,92.831	,92.831	,92.831	,92.831	,[0.0]
SVM_BN_10_TF_5:		81.812	,83.570	,84.426	,83.707	,82.938	,83.526	,83.751	,83.570	,83.388	,85.058	,[0.6525959171384207]
LR_BN_210_TF_10:		80.274	,79.461	,79.867	,79.867	,80.274	,80.499	,80.499	,79.867	,79.867	,80.274	,[0.10279746119095597]
SVM_BN_110_TF_20:		92.018	,92.243	,92.243	,92.243	,92.243	,92.243	,92.243	,92.243	,92.469	,92.018	,[0.014710656602548477]
IGBB_BN_110_TF_20:		92.688	,91.875	,91.650	,92.688	,92.644	,92.419	,92.870	,93.276	,92.463	,92.914	,[0.20984133481521056]
KNN_BN_210_TF_20:		80.175	,79.768	,80.175	,80.581	,80.400	,80.175	,79.768	,80.175	,80.175	,79.768	,[0.0677159747331936]
DT_BN_210_TF_5:		89.535	,89.129	,89.760	,89.310	,88.860	,89.085	,88.272	,89.535	,89.760	,89.579	,[0.19365958237607994]
KNN_BN_210_TF_25:		79.768	,79.768	,80.175	,79.768	,80.175	,79.768	,79.768	,79.768	,79.768	,79.768	,[0.02643928878312986]
